177, 730, 1896, 2000, 2215, 2757, 3153, 4933, 999, 995, 1714, 2227, 2134, 977, 285, 4879, 5850, 1169, 5637, 330, 4000, 5508, 6835, 5273, 1083, 6970, 1113, 4219, 2604, 4897, 1298, 1955, 980, 5529, 371, 4840, 2150, 198, 3730, 497, 62, 736, 4468, 6235, 12, 6365, 1244, 7003, 576, 454, 3828, 5583, 3114, 6285, 4503, 144, 1019, 3029, 3068, 3752, 265, 310, 370, 397, 520, 591, 594, 643, 680, 734, 747, 799, 822, 1038, 1084, 1175, 1442, 1523, 1552, 1656, 1661, 1711, 1727, 1821, 1874, 1878, 1933, 2058, 2281, 2306, 2540, 2825, 2828, 2842, 2870, 2903, 3059, 3082, 3106, 3142, 3240, 3344, 3346, 3378, 3495, 3510, 3748, 3749, 4183, 4188, 4333, 4461, 4594, 4626, 4688, 2345, 4720, 4881, 4894, 5017, 5183, 5323, 5328, 5429, 5575, 5621, 5776, 5828, 5892, 6073, 6074, 6128, 6140, 6168, 6256, 1246, 6352, 6469, 6634, 6706, 6741, 6787, 6816, 6829, 6861, 7053
7053, 7003, 6970, 6861, 6835, 6829, 6816, 6787, 6741, 6706, 6634, 6469, 6365, 6352
6285, 6256, 6235, 6168, 6140, 6128, 6074, 6073, 5892, 5850, 5828, 5776, 5637, 5621
5583, 5575, 5529, 5508, 5429, 5328, 5323, 5273, 5183, 5017, 4933, 4897, 4894, 4881
4879, 4840, 4720, 4688, 4626, 4594, 4503, 4468, 4461, 4333, 4219, 4188, 4183, 4000
3828, 3752, 3749, 3748, 3730, 3510, 3495, 3378, 3346, 3344, 3240, 3153, 3142, 3114
3106, 3082, 3068, 3059, 3029, 2903, 2870, 2842, 2828, 2825, 2757, 2604, 2540, 2345
2306, 2281, 2227, 2215, 2150, 2134, 2058, 2000, 1955, 1933, 1896, 1878, 1874, 1821
1727, 1714, 1711, 1661, 1656, 1552, 1523, 1442, 1298, 1246, 1244, 1175, 1169, 1113
1084, 1083, 1038, 1019, 999, 995, 980, 977, 822, 799, 747, 736, 734, 730
680, 643, 594, 591, 576, 520, 497, 454, 397, 371, 370, 330, 310, 285
265, 198, 177, 144, 62, 12
"0x819EEc2c66A512Ef94F3A9ac3f7F5D0FDbC2cC64", "0x16653D0fC9a2DA314B2733511556113DDb23A87C", "0xB087Df8742909dde2A73C88bf197237c33ba71ED", "0xfA0DE223b0588e185cAc2feD85dB73Cb9cd71eaB", "0x52914A37a4E8C7a6bb97C92D2ab7CE00285f64Fb", "0xD472DE4A85134a838b1dd4b7DFE6F02a28E71D2B", "0xb4c3c40728a5dA172bb264D1F8587661a10C5F26", "0x3f3323B2C02160A69fF6AC83612384906Ff9fd78", "0xCABc2EEBd715b8064C66A9bD2ab0b15eFDEe58fa", "0xCb4560cE663d65B9117FEF1965C302D9e42d5247", "0x633536eF4ff01ccEc5D8414D89a45FC63e27C683", "0xe419c69D17183a69F6cd2bbf233E629fc6768C4b", "0x11f262897B3f083c9aD3965DBbEAF888f336F8d6", "0x5F9CE815FD9E566FAc3D866Ed4db418270BC1325"